//capy start
//capy start
Frames: 30
Frame: 1

Meshes: 1
"Regroup04 " 0 -1
505
0 -0.696714 3.07884 4.98205 0.0 0.0 -1
0 -0.273626 2.87673 5.76984 0.0 0.0 -1
0 -0.701765 2.851 5.45981 0.0 0.0 -1
0 -5.63949 20.6128 13.3267 0.0 0.0 -1
0 -5.76661 20.7529 13.8211 0.0 0.0 -1
0 -5.39951 20.9626 14.1394 0.0 0.0 -1
0 -0.696714 3.07884 4.98205 0.617788 0.683251 -1
0 -1.95087 5.92709 6.9819 0.707117 0.686002 -1
0 -1.52778 5.72501 7.7697 0.707653 0.631953 -1
0 -0.273626 2.87673 5.76984 0.618323 0.629201 -1
0 -3.50057 11.4583 10.208 0.796447 0.688754 -1
0 -3.05274 11.1957 10.9636 0.796981 0.634705 -1
0 -4.20715 14.7135 11.8242 0.885776 0.691506 -1
0 -3.75934 14.4508 12.5799 0.886311 0.637456 -1
0 -5.63949 20.6128 13.3267 0.975106 0.694258 -1
0 -5.39951 20.9626 14.1394 0.97564 0.640208 -1
0 -1.13496 2.59741 5.62753 0.0 0.0 -1
0 -6.26083 20.6833 13.9971 0.0 0.0 -1
0 -1.13496 2.59741 5.62753 0.618323 0.629201 -1
0 -2.3891 5.44568 7.62738 0.707653 0.631953 -1
0 -3.9525 11.0388 10.8863 0.796981 0.634705 -1
0 -4.65909 14.2939 12.5026 0.886311 0.637456 -1
0 -6.26083 20.6833 13.9971 0.97564 0.640208 -1
0 -5.48567 20.0887 13.2064 0.0 0.0 -1
0 -5.31114 20.7246 13.8432 0.0 0.0 -1
0 -5.65642 20.4931 13.6642 0.0 0.0 -1
0 -5.48567 20.0887 13.2064 0.617788 0.683251 -1
0 -6.03486 24.0324 9.75488 0.707117 0.686002 -1
0 -5.86033 24.6683 10.3917 0.707653 0.631953 -1
0 -5.31114 20.7246 13.8432 0.618323 0.629201 -1
0 -6.47571 29.0687 5.3053 0.796447 0.688754 -1
0 -6.3012 29.7047 5.94215 0.796981 0.634705 -1
0 -6.87586 31.708 2.6832 0.885776 0.691506 -1
0 -6.70134 32.344 3.32006 0.886311 0.637456 -1
0 -7.57124 35.5186 -0.413922 0.975106 0.694258 -1
0 -6.17248 20.4478 13.6961 0.0 0.0 -1
0 -6.17248 20.4478 13.6961 0.618323 0.629201 -1
0 -6.72166 24.3916 10.2445 0.707653 0.631953 -1
0 -7.16252 29.4279 5.79497 0.796981 0.634705 -1
0 -7.56265 32.0672 3.17288 0.886311 0.637456 -1
0 -7.57124 35.5186 -0.413922 0.97564 0.640208 -1
0 -2.7012 0.0801984 4.99158 0.821886 0.27052 -1
0 -2.48996 -2.52192 5.77993 0.747552 0.269748 -1
0 -2.27872 0.0801984 6.5683 0.821886 0.27052 -1
0 7.67183 0.0801985 1.32739 0.819318 0.46878 -1
0 9.9617 0.0801985 3.01816 0.818902 0.500852 -1
0 7.99367 -2.57042 2.52849 0.743599 0.467994 -1
0 -0.273825 0.0801986 3.45644 0.821244 0.320085 -1
0 0.0480137 -3.52645 4.65752 0.718214 0.319015 -1
0 -2.7012 0.0801984 4.99158 0.0 0.489851 -1
0 0.0480137 -3.52645 4.65752 0.242466 0.559039 -1
0 -2.48996 -2.52192 5.77993 0.0186305 0.326568 -1
0 2.37473 0.0801988 2.74675 0.820601 0.36965 -1
0 2.69657 -4.42172 3.94785 0.691997 0.368315 -1
0 5.02329 0.0801988 2.03707 0.81996 0.419215 -1
0 5.34511 -4.42172 3.23816 0.691355 0.417879 -1
0 -2.06748 -2.52192 7.35666 0.747552 0.269748 -1
0 8.63733 -2.57042 4.93067 0.743599 0.467994 -1
0 -2.48996 -2.52192 5.77993 0.568866 0.700297 -1
0 0.0480137 -3.52645 4.65752 0.674711 0.713147 -1
0 -2.06748 -2.52192 7.35666 0.573514 0.650847 -1
0 0.69168 -3.52645 7.05972 0.681793 0.637807 -1
0 2.69657 -4.42172 3.94785 0.781774 0.713052 -1
0 3.34021 -4.42172 6.35003 0.788856 0.637713 -1
0 5.34511 -4.42172 3.23816 0.888836 0.712957 -1
0 5.98878 -4.42172 5.64035 0.895919 0.637618 -1
0 7.99367 -2.57042 2.52849 0.995899 0.712863 -1
0 8.63733 -2.57042 4.93067 1.00298 0.637523 -1
0 -1.85624 0.0801984 8.14503 0.821886 0.27052 -1
0 8.95916 0.0801985 6.13177 0.819318 0.46878 -1
0 -2.06748 -2.52192 7.35666 0.724973 0.650029 -1
0 0.69168 -3.52645 7.05972 0.773724 0.665437 -1
0 1.0135 0.0801986 8.2608 0.765402 0.578629 -1
0 -1.85624 0.0801984 8.14503 0.716794 0.578695 -1
0 3.34021 -4.42172 6.35003 0.814647 0.647912 -1
0 3.66205 0.0801988 7.55112 0.814011 0.578563 -1
0 5.98878 -4.42172 5.64035 0.863255 0.647846 -1
0 6.31061 0.0801988 6.84145 0.862619 0.578497 -1
0 8.63733 -2.57042 4.93067 0.919415 0.650512 -1
0 8.95916 0.0801985 6.13177 0.911228 0.578431 -1
0 -2.06748 2.68231 7.35666 0.896219 0.271292 -1
0 8.63733 2.73081 4.93067 0.895037 0.469567 -1
0 -2.06748 2.68231 7.35666 0.716427 0.538611 -1
0 0.69168 3.68685 7.05972 0.764894 0.523071 -1
0 3.34021 4.58211 6.35003 0.813376 0.509214 -1
0 5.98878 4.58211 5.64035 0.861984 0.509148 -1
0 8.63733 2.73081 4.93067 0.910854 0.5376 -1
0 -2.48996 2.68231 5.77993 0.896219 0.271292 -1
0 7.99367 2.73081 2.52849 0.895037 0.469567 -1
0 -2.06748 2.68231 7.35666 0.573514 0.650847 -1
0 0.69168 3.68685 7.05972 0.681793 0.637807 -1
0 0.0480137 3.68685 4.65752 0.674711 0.713147 -1
0 -2.48996 2.68231 5.77993 0.568866 0.700297 -1
0 3.34021 4.58211 6.35003 0.788856 0.637713 -1
0 2.69657 4.58211 3.94785 0.781774 0.713052 -1
0 5.98878 4.58211 5.64035 0.895919 0.637618 -1
0 5.34511 4.58211 3.23816 0.888836 0.712957 -1
0 8.63733 2.73081 4.93067 1.00298 0.637523 -1
0 7.99367 2.73081 2.52849 0.995899 0.712863 -1
0 0.0480137 3.68685 4.65752 0.924274 0.321155 -1
0 2.69657 4.58211 3.94785 0.949206 0.370986 -1
0 5.34511 4.58211 3.23816 0.948565 0.420551 -1
0 -14.1343 -7.3942 9.73457 0.524103 0.520132 -1
0 -9.54368 -8.69828 9.73457 0.555038 0.405791 -1
0 -12.2419 -7.03066 14.1005 0.514889 0.47317 -1
0 -9.54368 -4.55706 17.1623 0.454088 0.406577 -1
0 -6.84541 -7.03066 14.1005 0.513884 0.339046 -1
0 -4.9531 -7.3942 9.73457 0.522393 0.291946 -1
0 -16.6079 -4.33238 12.4328 0.449927 0.582191 -1
0 -16.9714 0.0335175 14.3251 0.343569 0.592055 -1
0 -13.9096 -2.66476 16.7987 0.408773 0.515445 -1
0 -13.9096 2.73179 16.7987 0.277224 0.51647 -1
0 -9.54368 4.6241 17.1623 0.230283 0.40832 -1
0 -9.54368 0.0335175 18.4664 0.342186 0.407449 -1
0 -5.17777 -2.66476 16.7987 0.407148 0.298428 -1
0 -5.17777 2.73179 16.7987 0.275598 0.299452 -1
0 -2.11597 0.0335175 14.3251 0.340803 0.222842 -1
0 -2.4795 -4.33238 12.4328 0.447296 0.231049 -1
0 -0.811865 0.0335175 9.73457 0.340559 0.190431 -1
0 -2.11597 0.0335175 5.14398 0.340803 0.222842 -1
0 -2.4795 -4.33238 7.03629 0.447296 0.231049 -1
0 -2.4795 4.39942 12.4328 0.234444 0.232707 -1
0 -4.9531 7.46123 9.73457 0.160269 0.294766 -1
0 -2.4795 4.39942 7.03629 0.234444 0.232707 -1
0 -6.84541 7.09769 14.1005 0.169483 0.341728 -1
0 -12.2419 7.09769 14.1005 0.170488 0.475853 -1
0 -14.1343 7.46123 9.73457 0.161978 0.522953 -1
0 -9.54368 8.76532 9.73457 0.129334 0.409107 -1
0 -12.2419 7.09769 5.36866 0.170488 0.475853 -1
0 -9.54368 4.6241 2.30685 0.735023 0.386546 -1
0 -12.2419 7.09769 5.36866 0.687189 0.440359 -1
0 -6.84541 7.09769 5.36866 0.686385 0.333481 -1
0 -6.84541 7.09769 5.36866 0.169483 0.341728 -1
0 -9.54368 8.76532 9.73457 0.654267 0.387173 -1
0 -5.17777 2.73179 2.67039 0.771274 0.299794 -1
0 -2.11597 0.0335175 5.14398 0.823436 0.238747 -1
0 -2.4795 4.39942 7.03629 0.738352 0.246607 -1
0 -4.9531 7.46123 9.73457 0.679014 0.296059 -1
0 -9.54368 0.0335175 1.00276 0.824542 0.385852 -1
0 -9.54368 -4.55706 2.30685 0.91406 0.385157 -1
0 -5.17777 -2.66476 2.67039 0.876509 0.298977 -1
0 -13.9096 2.73179 2.67039 0.772574 0.472726 -1
0 -16.9714 0.0335175 5.14398 0.825648 0.532956 -1
0 -13.9096 -2.66476 2.67039 0.87781 0.471909 -1
0 -16.6079 -4.33238 7.03629 0.910731 0.525096 -1
0 -14.1343 -7.3942 9.73457 0.97007 0.475643 -1
0 -12.2419 -7.03066 5.36866 0.962698 0.438221 -1
0 -12.2419 -7.03066 5.36866 0.514889 0.47317 -1
0 -6.84541 -7.03066 5.36866 0.513884 0.339046 -1
0 -6.84541 -7.03066 5.36866 0.961895 0.331344 -1
0 -9.54368 -8.69828 9.73457 0.994817 0.38453 -1
0 -4.9531 -7.3942 9.73457 0.968701 0.293812 -1
0 -2.4795 -4.33238 7.03629 0.908627 0.245286 -1
0 -18.2755 0.0335175 9.73457 0.343812 0.624467 -1
0 -16.6079 -4.33238 7.03629 0.449927 0.582191 -1
0 -18.2755 0.0335175 9.73457 0.825842 0.558784 -1
0 -16.6079 4.39942 12.4328 0.237076 0.583849 -1
0 -16.6079 4.39942 7.03629 0.740457 0.526417 -1
0 -16.6079 4.39942 7.03629 0.237076 0.583849 -1
0 -14.1343 7.46123 9.73457 0.680382 0.477891 -1
0 8.35725 -2.33832 3.20946 0.365491 0.795931 -1
0 9.3017 -2.75984 3.20946 0.348172 0.795931 -1
0 8.74657 -2.22081 4.62066 0.370318 0.743946 -1
0 9.3017 -1.42126 5.61034 0.403168 0.707488 -1
0 9.85684 -2.22081 4.62066 0.370318 0.743946 -1
0 10.2462 -2.33832 3.20946 0.365491 0.795931 -1
0 7.84834 -1.34864 4.08163 0.406152 0.763802 -1
0 7.77355 0.0625591 4.69328 0.464132 0.74127 -1
0 8.40348 -0.80961 5.49283 0.428299 0.711817 -1
0 8.40348 0.934729 5.49283 0.499966 0.711817 -1
0 9.3017 1.54638 5.61034 0.525096 0.707488 -1
0 9.3017 0.0625591 6.03186 0.464132 0.69196 -1
0 10.1999 -0.80961 5.49283 0.428299 0.711817 -1
0 10.1999 0.934729 5.49283 0.499966 0.711817 -1
0 10.8299 0.0625591 4.69328 0.464132 0.74127 -1
0 10.7551 -1.34864 4.08163 0.406152 0.763802 -1
0 11.0982 0.0625591 3.20946 0.464132 0.795931 -1
0 10.8299 0.0625591 1.72563 0.464132 0.850593 -1
0 10.7551 -1.34864 2.33729 0.406152 0.82806 -1
0 10.7551 1.47376 4.08163 0.522112 0.763802 -1
0 10.2462 2.46344 3.20946 0.562773 0.795931 -1
0 10.7551 1.47376 2.33729 0.522112 0.82806 -1
0 9.85684 2.34593 4.62066 0.557946 0.743946 -1
0 8.74657 2.34593 4.62066 0.557946 0.743946 -1
0 8.35725 2.46344 3.20946 0.562773 0.795931 -1
0 9.3017 2.88496 3.20946 0.580093 0.795931 -1
0 8.74657 2.34593 1.79825 0.557946 0.847917 -1
0 9.3017 1.54638 0.808571 0.525096 0.884375 -1
0 9.85684 2.34593 1.79825 0.557946 0.847917 -1
0 10.1999 0.934729 0.926085 0.499966 0.880046 -1
0 9.3017 0.0625591 0.387047 0.464132 0.899903 -1
0 9.3017 -1.42126 0.808571 0.403168 0.884375 -1
0 10.1999 -0.80961 0.926085 0.428299 0.880046 -1
0 8.40348 0.934729 0.926085 0.499966 0.880046 -1
0 7.77355 0.0625591 1.72563 0.464132 0.850593 -1
0 8.40348 -0.80961 0.926085 0.428299 0.880046 -1
0 7.84834 -1.34864 2.33729 0.406152 0.82806 -1
0 8.74657 -2.22081 1.79825 0.370318 0.847917 -1
0 9.85684 -2.22081 1.79825 0.370318 0.847917 -1
0 7.50525 0.0625591 3.20946 0.464132 0.795931 -1
0 7.84834 1.47376 4.08163 0.522112 0.763802 -1
0 7.84834 1.47376 2.33729 0.522112 0.82806 -1
0 8.85569 -1.93592 2.70189 0.796447 0.688754 -1
0 9.17551 -1.93592 -0.157291 0.885776 0.691506 -1
0 9.9601 -1.47762 -0.0362415 0.886311 0.637456 -1
0 9.64027 -1.47762 2.82297 0.796981 0.634705 -1
0 10.1089 -1.93592 -3.85555 0.975106 0.694258 -1
0 9.64027 -2.39423 2.82297 0.796981 0.634705 -1
0 9.9601 -2.39423 -0.0362415 0.886311 0.637456 -1
0 10.1089 -1.93592 -3.85555 0.97564 0.640208 -1
0 9.9601 1.54466 -0.0362415 0.886311 0.637456 -1
0 9.17551 2.00296 -0.157291 0.885776 0.691506 -1
0 8.85569 2.00296 2.70189 0.796447 0.688754 -1
0 9.64027 1.54466 2.82297 0.796981 0.634705 -1
0 10.1089 2.00296 -3.85555 0.975106 0.694258 -1
0 9.64027 2.46126 2.82297 0.796981 0.634705 -1
0 9.9601 2.46126 -0.0362415 0.886311 0.637456 -1
0 10.1089 2.00296 -3.85555 0.97564 0.640208 -1
0 2.09032 3.85302 4.98205 0.0 0.0 -1
0 2.47189 3.5805 5.76984 0.0 0.0 -1
0 2.04578 3.62952 5.45981 0.0 0.0 -1
0 0.267382 21.9789 13.3267 0.0 0.0 -1
0 0.166529 22.1389 13.8211 0.0 0.0 -1
0 0.56446 22.2817 14.1394 0.0 0.0 -1
0 2.09032 3.85302 4.98205 0.617788 0.683251 -1
0 1.34982 6.87577 6.9819 0.707117 0.686002 -1
0 1.73139 6.60329 7.7697 0.707653 0.631953 -1
0 2.47189 3.5805 5.76984 0.618323 0.629201 -1
0 0.784162 12.5921 10.208 0.796447 0.688754 -1
0 1.17957 12.2557 10.9636 0.796981 0.634705 -1
0 0.653556 15.9205 11.8242 0.885776 0.691506 -1
0 1.04896 15.5841 12.5799 0.886311 0.637456 -1
0 0.267382 21.9789 13.3267 0.975106 0.694258 -1
0 0.56446 22.2817 14.1394 0.97564 0.640208 -1
0 1.57514 3.45498 5.62753 0.0 0.0 -1
0 -0.332281 22.1562 13.9971 0.0 0.0 -1
0 1.57514 3.45498 5.62753 0.618323 0.629201 -1
0 0.834646 6.47777 7.62738 0.707653 0.631953 -1
0 0.26623 12.2574 10.8863 0.796981 0.634705 -1
0 0.135622 15.5857 12.5026 0.886311 0.637456 -1
0 -0.332281 22.1562 13.9971 0.97564 0.640208 -1
0 0.327866 21.436 13.2064 0.0 0.0 -1
0 0.610176 22.032 13.8432 0.0 0.0 -1
0 0.229921 21.8639 13.6642 0.0 0.0 -1
0 0.327866 21.436 13.2064 0.617788 0.683251 -1
0 0.471832 25.4152 9.75488 0.707117 0.686002 -1
0 0.754133 26.0112 10.3917 0.707653 0.631953 -1
0 0.610176 22.032 13.8432 0.618323 0.629201 -1
0 0.912221 30.4516 5.3053 0.796447 0.688754 -1
0 1.19452 31.0476 5.94215 0.796981 0.634705 -1
0 0.976476 33.1203 2.6832 0.885776 0.691506 -1
0 1.25876 33.7163 3.32006 0.886311 0.637456 -1
0 0.953359 36.9937 -0.413922 0.975106 0.694258 -1
0 -0.286139 21.909 13.6961 0.0 0.0 -1
0 -0.286139 21.909 13.6961 0.618323 0.629201 -1
0 -0.142164 25.8882 10.2445 0.707653 0.631953 -1
0 0.29821 30.9245 5.79497 0.796981 0.634705 -1
0 0.36248 33.5932 3.17288 0.886311 0.637456 -1
0 0.953359 36.9937 -0.413922 0.97564 0.640208 -1
0 4.01194 3.92708 4.98205 0.0 0.0 -1
0 4.28399 3.54518 5.76984 0.0 0.0 -1
0 3.89705 3.73025 5.45981 0.0 0.0 -1
0 8.18952 21.659 13.3267 0.0 0.0 -1
0 8.14625 21.8431 13.8211 0.0 0.0 -1
0 8.56898 21.8485 14.1394 0.0 0.0 -1
0 4.01194 3.92708 4.98205 0.617788 0.683251 -1
0 4.29588 7.02622 6.9819 0.707117 0.686002 -1
0 4.56795 6.64437 7.7697 0.707653 0.631953 -1
0 4.28399 3.54518 5.76984 0.618323 0.629201 -1
0 5.62209 12.6153 10.208 0.796447 0.688754 -1
0 5.88643 12.1685 10.9636 0.796981 0.634705 -1
0 6.58221 15.8048 11.8242 0.885776 0.691506 -1
0 6.84655 15.358 12.5799 0.886311 0.637456 -1
0 8.18952 21.659 13.3267 0.975106 0.694258 -1
0 8.56898 21.8485 14.1394 0.97564 0.640208 -1
0 3.39522 3.71845 5.62753 0.0 0.0 -1
0 7.68023 22.0218 13.9971 0.0 0.0 -1
0 3.39522 3.71845 5.62753 0.618323 0.629201 -1
0 3.6792 6.81764 7.62738 0.707653 0.631953 -1
0 5.02339 12.4674 10.8863 0.796981 0.634705 -1
0 5.98351 15.657 12.5026 0.886311 0.637456 -1
0 7.68023 22.0218 13.9971 0.97564 0.640208 -1
0 8.06995 21.126 13.2064 0.0 0.0 -1
0 8.53091 21.5976 13.8432 0.0 0.0 -1
0 8.11665 21.5624 13.6642 0.0 0.0 -1
0 8.06995 21.126 13.2064 0.617788 0.683251 -1
0 9.50156 24.8415 9.75488 0.707117 0.686002 -1
0 9.96252 25.3131 10.3917 0.707653 0.631953 -1
0 8.53091 21.5976 13.8432 0.618323 0.629201 -1
0 11.5576 29.4601 5.3053 0.796447 0.688754 -1
0 12.0186 29.9317 5.94215 0.796981 0.634705 -1
0 12.4872 31.9624 2.6832 0.885776 0.691506 -1
0 12.9482 32.4341 3.32006 0.886311 0.637456 -1
0 13.7265 35.6324 -0.413922 0.975106 0.694258 -1
0 7.64337 21.773 13.6961 0.0 0.0 -1
0 7.64337 21.773 13.6961 0.618323 0.629201 -1
0 9.075 25.4886 10.2445 0.707653 0.631953 -1
0 11.1311 30.1072 5.79497 0.796981 0.634705 -1
0 12.0607 32.6095 3.17288 0.886311 0.637456 -1
0 13.7265 35.6324 -0.413922 0.97564 0.640208 -1
0 3.94952 4.88017 4.98205 0.0 0.0 -1
0 4.13622 4.45005 5.76984 0.0 0.0 -1
0 3.79622 4.71153 5.45981 0.0 0.0 -1
0 13.3983 21.356 13.3267 0.0 0.0 -1
0 13.3942 21.5451 13.8211 0.0 0.0 -1
0 13.8089 21.4625 14.1394 0.0 0.0 -1
0 3.94952 4.88017 4.98205 0.617788 0.683251 -1
0 6.54741 7.85255 6.9819 0.707117 0.686002 -1
0 6.73414 7.42248 7.7697 0.707653 0.631953 -1
0 4.13622 4.45005 5.76984 0.618323 0.629201 -1
0 9.00665 13.0437 10.208 0.796447 0.688754 -1
0 9.17233 12.5517 10.9636 0.796981 0.634705 -1
0 10.609 15.964 11.8242 0.885776 0.691506 -1
0 10.7746 15.472 12.5799 0.886311 0.637456 -1
0 13.3983 21.356 13.3267 0.975106 0.694258 -1
0 13.8089 21.4625 14.1394 0.97564 0.640208 -1
0 3.30291 4.80432 5.62753 0.0 0.0 -1
0 12.9756 21.8168 13.9971 0.0 0.0 -1
0 3.30291 4.80432 5.62753 0.618323 0.629201 -1
0 5.90083 7.77674 7.62738 0.707653 0.631953 -1
0 8.3903 13.0236 10.8863 0.796981 0.634705 -1
0 9.99259 15.9438 12.5026 0.886311 0.637456 -1
0 12.9756 21.8168 13.9971 0.97564 0.640208 -1
0 13.1705 20.8595 13.2064 0.0 0.0 -1
0 13.7194 21.225 13.8432 0.0 0.0 -1
0 13.3069 21.2767 13.6642 0.0 0.0 -1
0 13.1705 20.8595 13.2064 0.617788 0.683251 -1
0 15.3433 24.1962 9.75488 0.707117 0.686002 -1
0 15.8923 24.5616 10.3917 0.707653 0.631953 -1
0 13.7194 21.225 13.8432 0.618323 0.629201 -1
0 18.3147 28.2863 5.3053 0.796447 0.688754 -1
0 18.8637 28.6518 5.94215 0.796981 0.634705 -1
0 19.7443 30.5408 2.6832 0.885776 0.691506 -1
0 20.2932 30.9062 3.32006 0.886311 0.637456 -1
0 21.7195 33.8729 -0.413922 0.975106 0.694258 -1
0 12.8878 21.5811 13.6961 0.0 0.0 -1
0 12.8878 21.5811 13.6961 0.618323 0.629201 -1
0 15.0606 24.9178 10.2445 0.707653 0.631953 -1
0 18.032 29.008 5.79497 0.796981 0.634705 -1
0 19.4616 31.2624 3.17288 0.886311 0.637456 -1
0 21.7195 33.8729 -0.413922 0.97564 0.640208 -1
0 -0.701765 -2.78397 5.45981 0.0 0.0 -1
0 -0.273626 -2.80969 5.76984 0.0 0.0 -1
0 -0.696714 -3.01181 4.98205 0.0 0.0 -1
0 -5.39951 -20.8956 14.1394 0.0 0.0 -1
0 -5.76661 -20.6859 13.8211 0.0 0.0 -1
0 -5.63949 -20.5458 13.3267 0.0 0.0 -1
0 -1.52778 -5.65797 7.7697 0.707653 0.631953 -1
0 -1.95087 -5.86005 6.9819 0.707117 0.686002 -1
0 -0.696714 -3.01181 4.98205 0.617788 0.683251 -1
0 -0.273626 -2.80969 5.76984 0.618323 0.629201 -1
0 -3.50057 -11.3913 10.208 0.796447 0.688754 -1
0 -3.05274 -11.1287 10.9636 0.796981 0.634705 -1
0 -3.75934 -14.3838 12.5799 0.886311 0.637456 -1
0 -4.20715 -14.6464 11.8242 0.885776 0.691506 -1
0 -5.63949 -20.5458 13.3267 0.975106 0.694258 -1
0 -5.39951 -20.8956 14.1394 0.97564 0.640208 -1
0 -1.13496 -2.53037 5.62753 0.0 0.0 -1
0 -6.26083 -20.6162 13.9971 0.0 0.0 -1
0 -1.13496 -2.53037 5.62753 0.618323 0.629201 -1
0 -2.3891 -5.37864 7.62738 0.707653 0.631953 -1
0 -3.9525 -10.9717 10.8863 0.796981 0.634705 -1
0 -4.65909 -14.2269 12.5026 0.886311 0.637456 -1
0 -6.26083 -20.6162 13.9971 0.97564 0.640208 -1
0 -5.65642 -20.426 13.6642 0.0 0.0 -1
0 -5.31114 -20.6576 13.8432 0.0 0.0 -1
0 -5.48567 -20.0217 13.2064 0.0 0.0 -1
0 -5.86033 -24.6013 10.3917 0.707653 0.631953 -1
0 -6.03486 -23.9654 9.75488 0.707117 0.686002 -1
0 -5.48567 -20.0217 13.2064 0.617788 0.683251 -1
0 -5.31114 -20.6576 13.8432 0.618323 0.629201 -1
0 -6.47571 -29.0017 5.3053 0.796447 0.688754 -1
0 -6.3012 -29.6377 5.94215 0.796981 0.634705 -1
0 -6.70134 -32.2769 3.32006 0.886311 0.637456 -1
0 -6.87586 -31.641 2.6832 0.885776 0.691506 -1
0 -7.57124 -35.4516 -0.413922 0.975106 0.694258 -1
0 -6.17248 -20.3808 13.6961 0.0 0.0 -1
0 -6.17248 -20.3808 13.6961 0.618323 0.629201 -1
0 -6.72166 -24.3245 10.2445 0.707653 0.631953 -1
0 -7.16252 -29.3608 5.79497 0.796981 0.634705 -1
0 -7.56265 -32.0002 3.17288 0.886311 0.637456 -1
0 -7.57124 -35.4516 -0.413922 0.97564 0.640208 -1
0 2.04578 -3.56248 5.45981 0.0 0.0 -1
0 2.47189 -3.51347 5.76984 0.0 0.0 -1
0 2.09032 -3.78598 4.98205 0.0 0.0 -1
0 0.56446 -22.2147 14.1394 0.0 0.0 -1
0 0.166529 -22.0719 13.8211 0.0 0.0 -1
0 0.267382 -21.9119 13.3267 0.0 0.0 -1
0 1.73139 -6.53626 7.7697 0.707653 0.631953 -1
0 1.34982 -6.80873 6.9819 0.707117 0.686002 -1
0 2.09032 -3.78598 4.98205 0.617788 0.683251 -1
0 2.47189 -3.51347 5.76984 0.618323 0.629201 -1
0 0.784162 -12.525 10.208 0.796447 0.688754 -1
0 1.17957 -12.1887 10.9636 0.796981 0.634705 -1
0 1.04896 -15.517 12.5799 0.886311 0.637456 -1
0 0.653556 -15.8534 11.8242 0.885776 0.691506 -1
0 0.267382 -21.9119 13.3267 0.975106 0.694258 -1
0 0.56446 -22.2147 14.1394 0.97564 0.640208 -1
0 1.57514 -3.38795 5.62753 0.0 0.0 -1
0 -0.332281 -22.0892 13.9971 0.0 0.0 -1
0 1.57514 -3.38795 5.62753 0.618323 0.629201 -1
0 0.834646 -6.41074 7.62738 0.707653 0.631953 -1
0 0.26623 -12.1903 10.8863 0.796981 0.634705 -1
0 0.135622 -15.5187 12.5026 0.886311 0.637456 -1
0 -0.332281 -22.0892 13.9971 0.97564 0.640208 -1
0 0.229921 -21.7969 13.6642 0.0 0.0 -1
0 0.610176 -21.965 13.8432 0.0 0.0 -1
0 0.327866 -21.369 13.2064 0.0 0.0 -1
0 0.754133 -25.9441 10.3917 0.707653 0.631953 -1
0 0.471832 -25.3482 9.75488 0.707117 0.686002 -1
0 0.327866 -21.369 13.2064 0.617788 0.683251 -1
0 0.610176 -21.965 13.8432 0.618323 0.629201 -1
0 0.912221 -30.3845 5.3053 0.796447 0.688754 -1
0 1.19452 -30.9805 5.94215 0.796981 0.634705 -1
0 1.25876 -33.6492 3.32006 0.886311 0.637456 -1
0 0.976476 -33.0532 2.6832 0.885776 0.691506 -1
0 0.953359 -36.9267 -0.413922 0.975106 0.694258 -1
0 -0.286139 -21.842 13.6961 0.0 0.0 -1
0 -0.286139 -21.842 13.6961 0.618323 0.629201 -1
0 -0.142164 -25.8212 10.2445 0.707653 0.631953 -1
0 0.29821 -30.8575 5.79497 0.796981 0.634705 -1
0 0.36248 -33.5262 3.17288 0.886311 0.637456 -1
0 0.953359 -36.9267 -0.413922 0.97564 0.640208 -1
0 3.89705 -3.66322 5.45981 0.0 0.0 -1
0 4.28399 -3.47814 5.76984 0.0 0.0 -1
0 4.01194 -3.86004 4.98205 0.0 0.0 -1
0 8.56898 -21.7815 14.1394 0.0 0.0 -1
0 8.14625 -21.7761 13.8211 0.0 0.0 -1
0 8.18952 -21.5919 13.3267 0.0 0.0 -1
0 4.56795 -6.57733 7.7697 0.707653 0.631953 -1
0 4.29588 -6.95919 6.9819 0.707117 0.686002 -1
0 4.01194 -3.86004 4.98205 0.617788 0.683251 -1
0 4.28399 -3.47814 5.76984 0.618323 0.629201 -1
0 5.62209 -12.5482 10.208 0.796447 0.688754 -1
0 5.88643 -12.1014 10.9636 0.796981 0.634705 -1
0 6.84655 -15.291 12.5799 0.886311 0.637456 -1
0 6.58221 -15.7378 11.8242 0.885776 0.691506 -1
0 8.18952 -21.5919 13.3267 0.975106 0.694258 -1
0 8.56898 -21.7815 14.1394 0.97564 0.640208 -1
0 3.39522 -3.65141 5.62753 0.0 0.0 -1
0 7.68023 -21.9548 13.9971 0.0 0.0 -1
0 3.39522 -3.65141 5.62753 0.618323 0.629201 -1
0 3.6792 -6.75061 7.62738 0.707653 0.631953 -1
0 5.02339 -12.4004 10.8863 0.796981 0.634705 -1
0 5.98351 -15.5899 12.5026 0.886311 0.637456 -1
0 7.68023 -21.9548 13.9971 0.97564 0.640208 -1
0 8.11665 -21.4954 13.6642 0.0 0.0 -1
0 8.53091 -21.5305 13.8432 0.0 0.0 -1
0 8.06995 -21.0589 13.2064 0.0 0.0 -1
0 9.96252 -25.246 10.3917 0.707653 0.631953 -1
0 9.50156 -24.7744 9.75488 0.707117 0.686002 -1
0 8.06995 -21.0589 13.2064 0.617788 0.683251 -1
0 8.53091 -21.5305 13.8432 0.618323 0.629201 -1
0 11.5576 -29.393 5.3053 0.796447 0.688754 -1
0 12.0186 -29.8647 5.94215 0.796981 0.634705 -1
0 12.9482 -32.367 3.32006 0.886311 0.637456 -1
0 12.4872 -31.8954 2.6832 0.885776 0.691506 -1
0 13.7265 -35.5653 -0.413922 0.975106 0.694258 -1
0 7.64337 -21.706 13.6961 0.0 0.0 -1
0 7.64337 -21.706 13.6961 0.618323 0.629201 -1
0 9.075 -25.4215 10.2445 0.707653 0.631953 -1
0 11.1311 -30.0401 5.79497 0.796981 0.634705 -1
0 12.0607 -32.5425 3.17288 0.886311 0.637456 -1
0 13.7265 -35.5653 -0.413922 0.97564 0.640208 -1
0 3.79622 -4.64449 5.45981 0.0 0.0 -1
0 4.13622 -4.38302 5.76984 0.0 0.0 -1
0 3.94952 -4.81313 4.98205 0.0 0.0 -1
0 13.8089 -21.3955 14.1394 0.0 0.0 -1
0 13.3942 -21.4781 13.8211 0.0 0.0 -1
0 13.3983 -21.289 13.3267 0.0 0.0 -1
0 5.05835 -7.35544 7.7697 0.707653 0.631953 -1
0 4.87161 -7.78552 6.9819 0.707117 0.686002 -1
0 3.94952 -4.81313 4.98205 0.617788 0.683251 -1
0 4.13622 -4.38302 5.76984 0.618323 0.629201 -1
0 9.00665 -12.9767 10.208 0.796447 0.688754 -1
0 9.17233 -12.4847 10.9636 0.796981 0.634705 -1
0 10.7746 -15.405 12.5799 0.886311 0.637456 -1
0 10.609 -15.897 11.8242 0.885776 0.691506 -1
0 13.3983 -21.289 13.3267 0.975106 0.694258 -1
0 13.8089 -21.3955 14.1394 0.97564 0.640208 -1
0 3.30291 -4.73728 5.62753 0.0 0.0 -1
0 12.9756 -21.7498 13.9971 0.0 0.0 -1
0 3.30291 -4.73728 5.62753 0.618323 0.629201 -1
0 4.22503 -7.70971 7.62738 0.707653 0.631953 -1
0 8.3903 -12.9565 10.8863 0.796981 0.634705 -1
0 9.99259 -15.8768 12.5026 0.886311 0.637456 -1
0 12.9756 -21.7498 13.9971 0.97564 0.640208 -1
0 13.3069 -21.2097 13.6642 0.0 0.0 -1
0 13.7194 -21.1579 13.8432 0.0 0.0 -1
0 13.1705 -20.7925 13.2064 0.0 0.0 -1
0 15.8923 -24.4946 10.3917 0.707653 0.631953 -1
0 15.3433 -24.1291 9.75488 0.707117 0.686002 -1
0 13.1705 -20.7925 13.2064 0.617788 0.683251 -1
0 13.7194 -21.1579 13.8432 0.618323 0.629201 -1
0 18.3147 -28.2193 5.3053 0.796447 0.688754 -1
0 18.8637 -28.5848 5.94215 0.796981 0.634705 -1
0 20.2932 -30.8392 3.32006 0.886311 0.637456 -1
0 19.7443 -30.4737 2.6832 0.885776 0.691506 -1
0 21.7195 -33.8059 -0.413922 0.975106 0.694258 -1
0 12.8878 -21.5141 13.6961 0.0 0.0 -1
0 12.8878 -21.5141 13.6961 0.618323 0.629201 -1
0 15.0606 -24.8508 10.2445 0.707653 0.631953 -1
0 18.032 -28.941 5.79497 0.796981 0.634705 -1
0 19.4616 -31.1954 3.17288 0.886311 0.637456 -1
0 21.7195 -33.8059 -0.413922 0.97564 0.640208 -1
670
0.341876 -0.849624 -0.401572
-0.243526 0.914941 -0.321837
0.426115 0.637981 -0.641409
0.426115 0.637981 -0.641409
-0.501486 0.332346 -0.798785
0.482548 0.50498 -0.715641
0.482548 0.50498 -0.715641
0.482548 0.50498 -0.715641
-0.435523 0.21508 -0.874105
0.528594 0.328706 -0.782649
0.341863 -0.849618 -0.401596
-0.24353 0.914934 -0.321852
0.837579 -0.0146447 0.546119
0.843771 -0.0414433 0.535101
0.843771 -0.0414433 0.535101
0.843771 -0.0414433 0.535101
0.849902 -0.0713908 0.522083
0.83442 -0.00334027 0.55112
0.83442 -0.00334027 0.55112
0.83442 -0.00334027 0.55112
0.341889 -0.849609 -0.401591
-0.243514 0.914939 -0.321849
-0.792597 -0.543318 0.27676
-0.792597 -0.543318 0.27676
-0.814984 -0.48922 0.310588
-0.842486 -0.402015 0.35861
-0.842486 -0.402015 0.35861
-0.842486 -0.402015 0.35861
-0.857928 -0.340321 0.384891
-0.884734 -0.297965 0.358416
0.116899 -0.722347 0.681579
0.746963 -0.375925 -0.548385
0.746963 -0.375925 -0.548385
-0.195062 -0.660049 -0.725455
0.751052 -0.401769 -0.52393
0.751052 -0.401769 -0.52393
0.751052 -0.401769 -0.52393
-0.00521754 -0.676452 -0.736469
0.116622 -0.710361 0.694109
0.656843 0.546319 0.519704
0.657368 0.53829 0.527363
0.657368 0.53829 0.527363
0.657368 0.53829 0.527363
0.654984 0.556542 0.511133
0.647006 0.60726 0.461106
0.647006 0.60726 0.461106
0.10524 -0.713537 0.692669
-0.975179 0.0524679 0.215113
-0.975179 0.0524679 0.215113
-0.977058 0.0669759 0.202166
-0.977509 0.0702895 0.198834
-0.977509 0.0702895 0.198834
-0.977509 0.0702895 0.198834
-0.980553 0.0972458 0.170467
-0.965926 0.0 0.258818
0.593995 0.0 -0.804469
-0.521109 0.100927 -0.847502
-0.480703 -0.289766 -0.827623
-0.401563 1.35199e-007 -0.915832
-0.28057 0.0 -0.959834
-0.28057 0.0 -0.959834
-0.28057 0.0 -0.959834
-0.25882 0.0 -0.965926
-0.112396 0.0 -0.993663
-0.965926 -1.5939e-006 0.258817
0.727628 -0.443585 -0.523249
-0.332274 -0.938972 0.0890315
-0.316088 -0.944942 0.0846949
-0.316088 -0.944942 0.0846949
-0.316088 -0.944942 0.0846949
-0.151787 -0.987576 0.0406701
0.282619 -0.956238 -0.0757274
0.282619 -0.956238 -0.0757274
0.282619 -0.956238 -0.0757274
-0.965926 -8.38453e-007 0.258818
0.905792 -0.421532 0.0430243
-0.025573 -0.300956 0.953295
-0.025573 -0.300956 0.953295
0.0644805 -0.320477 0.945059
0.222698 -0.281104 0.933481
0.222698 -0.281104 0.933481
0.222698 -0.281104 0.933481
0.334277 -0.265187 0.904397
0.327829 -0.345964 0.879112
-0.965926 0.0 0.258819
0.951874 0.0 0.30649
-0.040309 0.0 0.999187
0.0896101 0.0 0.995977
0.0896101 0.0 0.995977
0.0896101 0.0 0.995977
0.258819 0.0 0.965926
0.303674 0.0 0.952776
0.303674 0.0 0.952776
0.303674 0.0 0.952776
-0.965926 8.38453e-007 0.258818
0.905792 0.421532 0.0430243
-0.332273 0.938972 0.0890319
-0.332273 0.938972 0.0890319
-0.316088 0.944942 0.0846958
-0.151787 0.987576 0.0406708
-0.151787 0.987576 0.0406708
-0.151787 0.987576 0.0406708
0.282619 0.956238 -0.0757279
0.540502 0.828784 -0.144827
-0.965926 1.5939e-006 0.258817
0.727628 0.443585 -0.523249
-0.480703 0.289766 -0.827623
-0.394183 0.300581 -0.868488
-0.394183 0.300581 -0.868488
-0.394183 0.300581 -0.868488
-0.291109 0.265989 -0.91897
-0.178622 0.304756 -0.935531
-0.178622 0.304756 -0.935531
-0.178622 0.304756 -0.935531
-0.50073 -0.861599 0.0831698
1.32662e-007 -0.525732 0.85065
0.500729 -0.861599 0.0831696
-0.309016 -0.809017 0.500001
-0.50073 -0.861599 0.0831698
-0.850651 0.0 0.525731
1.32662e-007 -0.525732 0.85065
-0.809017 -0.499999 0.309017
-0.850651 0.0 0.525731
1.26345e-007 0.525732 0.85065
1.32662e-007 -0.525732 0.85065
-0.5 0.309017 0.809017
1.32662e-007 -0.525732 0.85065
1.26345e-007 0.525732 0.85065
0.85065 0.0 0.525733
1.63737e-007 0.0 1.0
1.32662e-007 -0.525732 0.85065
0.85065 0.0 0.525733
0.500729 -0.861599 0.0831696
0.5 -0.309017 0.809017
0.85065 0.0 0.525733
0.961938 0.0 -0.273269
0.500729 -0.861599 0.0831696
1.0 0.0 3.90855e-007
0.85065 0.0 0.525733
0.500729 0.861599 0.0831696
0.961938 0.0 -0.273269
0.809016 0.5 0.309018
1.26345e-007 0.525732 0.85065
0.500729 0.861599 0.0831696
0.85065 0.0 0.525733
0.309016 0.809017 0.500001
1.26345e-007 0.525732 0.85065
-0.50073 0.861599 0.0831697
0.500729 0.861599 0.0831696
-0.309016 0.809017 0.500001
-0.50073 0.861599 0.0831697
1.32662e-007 0.525732 -0.85065
0.500729 0.861599 0.0831696
-0.313247 0.76876 -0.55757
1.32662e-007 0.525732 -0.85065
0.737967 0.0 -0.674837
0.583128 0.748784 -0.315095
0.5 0.309018 -0.809017
1.32662e-007 0.525732 -0.85065
1.32662e-007 -0.525732 -0.85065
0.737967 0.0 -0.674837
1.58455e-007 0.0 -1.0
1.32662e-007 0.525732 -0.85065
-0.850652 0.0 -0.52573
1.32662e-007 -0.525732 -0.85065
-0.500001 0.309018 -0.809016
-0.850652 0.0 -0.52573
-0.583129 -0.748783 -0.315095
1.32662e-007 -0.525732 -0.85065
-0.747907 -0.48133 -0.457117
-0.50073 -0.861599 0.0831698
0.500729 -0.861599 0.0831696
1.32662e-007 -0.525732 -0.85065
0.0 -0.934172 -0.356822
1.32662e-007 -0.525732 -0.85065
0.583128 -0.748784 -0.315095
0.737967 0.0 -0.674837
0.313246 -0.76876 -0.55757
-0.850651 0.0 0.525731
-0.50073 -0.861599 0.0831698
-0.850652 0.0 -0.52573
-0.809017 -0.499999 0.309017
-0.850651 0.0 0.525731
-0.850652 0.0 -0.52573
-0.50073 0.861599 0.0831697
-0.989965 0.0 0.141314
-0.850651 0.0 0.525731
-0.50073 0.861599 0.0831697
1.26345e-007 0.525732 0.85065
-0.809017 0.499999 0.309017
1.32662e-007 0.525732 -0.85065
-0.583128 0.748783 -0.315095
-0.850652 0.0 -0.52573
-0.313247 0.76876 -0.55757
-0.675867 -0.737024 1.76979e-007
0.0 -0.525891 0.850552
0.675868 -0.737023 1.58017e-007
-0.427918 -0.770399 0.472622
-0.675867 -0.737024 1.76979e-007
-0.92534 0.0 0.379138
0.0 -0.525891 0.850552
-0.899613 -0.370201 0.231621
-0.92534 0.0 0.379138
0.0 0.525891 0.850552
0.0 -0.525891 0.850552
-0.651829 0.268209 0.709354
0.0 -0.525891 0.850552
0.0 0.525891 0.850552
0.92534 0.0 0.379137
0.0 0.0 1.0
0.0 -0.525891 0.850552
0.92534 0.0 0.379137
0.675868 -0.737023 1.58017e-007
0.65183 -0.268209 0.709353
0.92534 0.0 0.379137
0.92534 0.0 -0.379137
0.675868 -0.737023 1.58017e-007
1.0 0.0 0.0
0.92534 0.0 0.379137
0.675868 0.737023 1.64338e-007
0.92534 0.0 -0.379137
0.899613 0.3702 0.231621
0.0 0.525891 0.850552
0.675868 0.737023 1.64338e-007
0.92534 0.0 0.379137
0.427918 0.770398 0.472623
0.0 0.525891 0.850552
-0.675867 0.737024 1.70658e-007
0.675868 0.737023 1.64338e-007
-0.427918 0.770399 0.472622
-0.675867 0.737024 1.70658e-007
0.0 0.525893 -0.850551
0.675868 0.737023 1.64338e-007
-0.427919 0.770399 -0.472621
0.0 0.525893 -0.850551
0.92534 0.0 -0.379137
0.675868 0.737023 1.64338e-007
0.651833 0.268209 -0.709351
0.0 0.525893 -0.850551
0.0 -0.525893 -0.850551
0.92534 0.0 -0.379137
0.0 0.0 -1.0
0.0 0.525893 -0.850551
-0.92534 0.0 -0.379138
0.0 -0.525893 -0.850551
-0.651832 0.268209 -0.709351
-0.92534 0.0 -0.379138
-0.675867 -0.737024 1.76979e-007
0.0 -0.525893 -0.850551
-0.899613 -0.370201 -0.231621
-0.675867 -0.737024 1.76979e-007
0.675868 -0.737023 1.58017e-007
0.0 -0.525893 -0.850551
-5.29663e-007 -1.0 2.4026e-007
0.0 -0.525893 -0.850551
0.675868 -0.737023 1.58017e-007
0.92534 0.0 -0.379137
0.427919 -0.770398 -0.472622
-0.92534 0.0 0.379138
-0.675867 -0.737024 1.76979e-007
-0.92534 0.0 -0.379138
-0.899613 -0.370201 0.231621
-0.92534 0.0 0.379138
-0.92534 0.0 -0.379138
-0.675867 0.737024 1.70658e-007
-1.0 0.0 0.0
-0.92534 0.0 0.379138
-0.675867 0.737024 1.70658e-007
0.0 0.525891 0.850552
-0.899613 0.370201 0.231621
0.0 0.525893 -0.850551
-0.675867 0.737024 1.70658e-007
-0.92534 0.0 -0.379138
-0.427919 0.770399 -0.472621
0.860827 -0.499706 0.096289
0.860827 -0.499706 0.096289
0.931918 0.327432 0.155939
-0.496754 -0.866111 -0.0555657
-0.501682 -0.865004 -0.00908701
-0.501682 -0.865004 -0.00908701
-0.496754 0.866111 -0.0555662
-0.496754 0.866111 -0.0555662
-0.503731 0.863746 0.0141071
-0.501682 0.865004 -0.009087
-0.496754 0.866111 -0.0555657
-0.501682 0.865004 -0.009087
-0.496755 -0.86611 -0.0555662
-0.496755 -0.86611 -0.0555662
-0.503731 -0.863745 0.0141071
0.931918 -0.327433 0.155939
0.860827 0.499706 0.096289
0.931918 -0.327433 0.155939
0.189151 -0.896083 -0.401568
-0.0809513 0.943329 -0.321833
0.530424 0.554295 -0.64141
0.530424 0.554295 -0.64141
-0.436154 0.41438 -0.798786
0.562906 0.413514 -0.715642
0.562906 0.413514 -0.715642
0.562906 0.413514 -0.715642
-0.391559 0.28744 -0.874105
0.577639 0.231924 -0.782652
0.189131 -0.896069 -0.401609
-0.0809589 0.943322 -0.321854
0.822313 -0.159865 0.546118
0.823756 -0.187333 0.535101
0.823756 -0.187333 0.535101
0.823756 -0.187333 0.535101
0.824591 -0.217892 0.522084
0.821164 -0.148184 0.551118
0.821164 -0.148184 0.551118
0.821164 -0.148184 0.551118
0.189178 -0.896063 -0.401601
-0.0809361 0.943325 -0.32185
-0.874902 -0.39743 0.276761
-0.874902 -0.39743 0.276761
-0.887556 -0.340265 0.310586
-0.899497 -0.24961 0.358608
-0.899497 -0.24961 0.358608
-0.899497 -0.24961 0.358608
-0.90399 -0.186174 0.384892
-0.923033 -0.139806 0.358418
-0.0103095 -0.731672 0.681579
0.670341 -0.49992 -0.548382
0.670341 -0.49992 -0.548382
-0.30672 -0.616149 -0.725454
0.669882 -0.52608 -0.523925
0.669882 -0.52608 -0.523925
0.669882 -0.52608 -0.523925
-0.122599 -0.665269 -0.736469
-0.00850147 -0.719825 0.694104
0.74173 0.423961 0.519705
0.740852 0.415963 0.527365
0.740852 0.415963 0.527365
0.740852 0.415963 0.527365
0.741675 0.43435 0.511135
0.742623 0.485685 0.461109
0.742623 0.485685 0.461109
-0.0202575 -0.720976 0.692664
-0.951252 0.22101 0.215116
-0.951252 0.22101 0.215116
-0.950582 0.235626 0.202172
-0.950453 0.238966 0.198835
-0.950453 0.238966 0.198835
-0.950453 0.238966 0.198835
-0.94877 0.26604 0.170466
-0.112885 -0.908846 -0.401567
0.230579 0.918292 -0.321828
0.681989 0.351406 -0.641408
0.681989 0.351406 -0.641408
-0.277479 0.533802 -0.798787
0.666866 0.20772 -0.715641
0.666866 0.20772 -0.715641
0.666866 0.20772 -0.715641
-0.276642 0.399259 -0.874106
0.621678 0.0312268 -0.78265
-0.112902 -0.908822 -0.401617
0.23057 0.918287 -0.321849
0.725465 -0.418874 0.546119
0.717887 -0.445314 0.535102
0.717887 -0.445314 0.535102
0.717887 -0.445314 0.535102
0.708728 -0.474481 0.522085
0.728181 -0.407455 0.55112
0.728181 -0.407455 0.55112
0.728181 -0.407455 0.55112
-0.112845 -0.908833 -0.401608
0.230593 0.918282 -0.321846
-0.956626 -0.0909364 0.276761
-0.956626 -0.0909364 0.276761
-0.94998 -0.0327667 0.310587
-0.931757 0.0568362 0.358606
-0.931757 0.0568362 0.358606
-0.931757 0.0568362 0.358606
-0.915352 0.11828 0.384891
-0.918262 0.168321 0.358417
-0.247957 -0.688452 0.68158
0.471063 -0.690926 -0.54838
0.471063 -0.690926 -0.54838
-0.490607 -0.482722 -0.725455
0.462111 -0.715511 -0.523925
0.462111 -0.715511 -0.523925
0.462111 -0.715511 -0.523925
-0.332512 -0.589109 -0.736469
-0.242391 -0.67784 0.694103
0.839345 0.159382 0.519708
0.835915 0.152101 0.527363
0.835915 0.152101 0.527363
0.835915 0.152101 0.527363
0.842677 0.169222 0.511136
0.860287 0.217449 0.461109
0.860287 0.217449 0.461109
-0.25388 -0.675102 0.692664
-0.827472 0.518667 0.215117
-0.827472 0.518667 0.215117
-0.822079 0.53227 0.202175
-0.82087 0.535384 0.198837
-0.82087 0.535384 0.198837
-0.82087 0.535384 0.198837
-0.810466 0.560434 0.170466
-0.299378 -0.865514 -0.401571
0.41646 0.850288 -0.321826
0.650829 -0.0595936 -0.756882
0.650829 -0.0595936 -0.756882
-0.148525 0.603453 -0.783444
0.69548 0.0645331 -0.715641
0.69548 0.0645331 -0.715641
0.69548 0.0645331 -0.715641
-0.187588 0.448053 -0.874105
0.614584 -0.0987089 -0.782651
-0.299389 -0.865489 -0.401615
0.416445 0.850284 -0.321855
0.49288 -0.739381 0.458677
0.546073 -0.677511 0.49273
0.546073 -0.677511 0.49273
0.546073 -0.677511 0.49273
0.594592 -0.611465 0.522084
0.627554 -0.549949 0.551119
0.627554 -0.549949 0.551119
0.627554 -0.549949 0.551119
-0.299342 -0.865509 -0.401607
0.416475 0.850271 -0.32185
-0.799485 0.393265 0.454056
-0.799485 0.393265 0.454056
-0.861659 0.309847 0.401918
-0.899579 0.249318 0.358606
-0.899579 0.249318 0.358606
-0.899579 0.249318 0.358606
-0.870757 0.306008 0.384892
-0.863199 0.35556 0.358419
-0.385673 -0.621857 0.681579
0.317117 -0.773767 -0.54838
0.317117 -0.773767 -0.54838
-0.58025 -0.37017 -0.725454
0.303249 -0.795954 -0.523925
0.303249 -0.795954 -0.523925
0.303249 -0.795954 -0.523925
-0.447729 -0.5071 -0.73647
-0.378022 -0.612634 0.694103
0.854143 -0.0186123 0.519706
0.849271 -0.0250188 0.527364
0.849271 -0.0250188 0.527364
0.849271 -0.0250188 0.527364
0.859446 -0.00968076 0.511135
0.886699 0.0338293 0.461107
0.886699 0.0338293 0.461107
-0.388691 -0.607566 0.692663
-0.701553 0.679374 0.215116
-0.701553 0.679374 0.215116
-0.69345 0.691558 0.202175
-0.691618 0.694355 0.198838
-0.691618 0.694355 0.198838
-0.691618 0.694355 0.198838
-0.676231 0.716696 0.170469
0.341876 0.849617 -0.401586
-0.243535 -0.914932 -0.321856
0.843771 0.0414431 0.535101
0.837579 0.0146447 0.546119
0.843771 0.0414431 0.535101
0.843771 0.0414431 0.535101
0.83442 0.00334018 0.551119
0.849902 0.0713905 0.522083
0.83442 0.00334018 0.551119
0.83442 0.00334018 0.551119
0.341876 0.849617 -0.401586
-0.243512 -0.914939 -0.321852
-0.792597 0.543318 0.27676
-0.792597 0.543318 0.27676
-0.842486 0.402015 0.35861
-0.814984 0.48922 0.310588
-0.842486 0.402015 0.35861
-0.842486 0.402015 0.35861
-0.884734 0.297965 0.358417
-0.857928 0.340321 0.384891
0.341876 0.849617 -0.401586
-0.243528 -0.914941 -0.321834
-0.501486 -0.332345 -0.798785
0.426115 -0.637981 -0.641409
-0.501486 -0.332345 -0.798785
-0.501486 -0.332345 -0.798785
-0.435523 -0.21508 -0.874105
0.482548 -0.50498 -0.715642
-0.435523 -0.21508 -0.874105
-0.435523 -0.21508 -0.874105
0.112925 0.715449 0.689479
0.657368 -0.53829 0.527362
0.656844 -0.546319 0.519703
0.657368 -0.53829 0.527362
0.657368 -0.53829 0.527362
0.647007 -0.60726 0.461105
0.654984 -0.556542 0.511133
0.647007 -0.60726 0.461105
0.112925 0.715449 0.689479
-0.975179 -0.0524681 0.215113
-0.975179 -0.0524681 0.215113
-0.977509 -0.0702897 0.198834
-0.977058 -0.0669764 0.202167
-0.977509 -0.0702897 0.198834
-0.977509 -0.0702897 0.198834
-0.980553 -0.0972467 0.170467
0.112925 0.715449 0.689479
-0.195061 0.66005 -0.725455
0.746963 0.375926 -0.548385
-0.195061 0.66005 -0.725455
-0.195061 0.66005 -0.725455
-0.00521718 0.676452 -0.736468
0.751052 0.401769 -0.52393
-0.00521718 0.676452 -0.736468
0.189154 0.896072 -0.401593
-0.0809576 -0.943323 -0.32185
0.823756 0.187333 0.535101
0.822313 0.159865 0.546118
0.823756 0.187333 0.535101
0.823756 0.187333 0.535101
0.821164 0.148184 0.551118
0.824592 0.217891 0.522084
0.821164 0.148184 0.551118
0.821164 0.148184 0.551118
0.189154 0.896072 -0.401593
-0.0809387 -0.943326 -0.321847
-0.874901 0.39743 0.276761
-0.874901 0.39743 0.276761
-0.899497 0.24961 0.358608
-0.887556 0.340265 0.310586
-0.899497 0.24961 0.358608
-0.899497 0.24961 0.358608
-0.923033 0.139806 0.358418
-0.90399 0.186174 0.384892
0.189154 0.896072 -0.401593
-0.0809513 -0.943329 -0.321833
-0.436154 -0.41438 -0.798786
0.530424 -0.554295 -0.64141
-0.436154 -0.41438 -0.798786
-0.436154 -0.41438 -0.798786
-0.39156 -0.28744 -0.874105
0.562906 -0.413514 -0.715642
-0.39156 -0.28744 -0.874105
-0.39156 -0.28744 -0.874105
-0.0130234 0.724187 0.689481
0.740852 -0.415963 0.527365
0.74173 -0.423962 0.519704
0.740852 -0.415963 0.527365
0.740852 -0.415963 0.527365
0.742623 -0.485685 0.461109
0.741674 -0.434351 0.511135
0.742623 -0.485685 0.461109
-0.0130234 0.724187 0.689481
-0.951252 -0.22101 0.215116
-0.951252 -0.22101 0.215116
-0.950453 -0.238965 0.198834
-0.950583 -0.235625 0.202171
-0.950453 -0.238965 0.198834
-0.950453 -0.238965 0.198834
-0.948769 -0.266041 0.170467
-0.0130234 0.724187 0.689481
-0.306719 0.616149 -0.725454
0.670341 0.499921 -0.548382
-0.306719 0.616149 -0.725454
-0.306719 0.616149 -0.725454
-0.122599 0.665269 -0.736469
0.669882 0.52608 -0.523925
-0.122599 0.665269 -0.736469
-0.112877 0.908834 -0.401597
0.230572 -0.918287 -0.321847
0.717887 0.445314 0.535102
0.725465 0.418874 0.546119
0.717887 0.445314 0.535102
0.717887 0.445314 0.535102
0.728181 0.407455 0.55112
0.708728 0.474481 0.522085
0.728181 0.407455 0.55112
0.728181 0.407455 0.55112
-0.112877 0.908834 -0.401597
0.23059 -0.918283 -0.321844
-0.956626 0.0909363 0.276761
-0.956626 0.0909363 0.276761
-0.931757 -0.056836 0.358606
-0.94998 0.0327666 0.310586
-0.931757 -0.056836 0.358606
-0.931757 -0.056836 0.358606
-0.918262 -0.168321 0.358418
-0.915351 -0.118279 0.384893
-0.112877 0.908834 -0.401597
0.23058 -0.918291 -0.321831
-0.277479 -0.533801 -0.798788
0.681989 -0.351406 -0.641408
-0.277479 -0.533801 -0.798788
-0.277479 -0.533801 -0.798788
-0.276643 -0.399259 -0.874106
0.666866 -0.20772 -0.715641
-0.276643 -0.399259 -0.874106
-0.276643 -0.399259 -0.874106
-0.248087 0.680496 0.689476
0.835914 -0.152101 0.527363
0.839346 -0.159382 0.519708
0.835914 -0.152101 0.527363
0.835914 -0.152101 0.527363
0.860288 -0.217449 0.461108
0.842677 -0.169222 0.511135
0.860288 -0.217449 0.461108
-0.248087 0.680496 0.689476
-0.827472 -0.518666 0.215116
-0.827472 -0.518666 0.215116
-0.82087 -0.535384 0.198836
-0.82208 -0.532269 0.202173
-0.82087 -0.535384 0.198836
-0.82087 -0.535384 0.198836
-0.810466 -0.560434 0.170465
-0.248087 0.680496 0.689476
-0.490607 0.482722 -0.725455
0.471062 0.690927 -0.54838
-0.490607 0.482722 -0.725455
-0.490607 0.482722 -0.725455
-0.332512 0.58911 -0.736468
0.462109 0.715511 -0.523926
-0.332512 0.58911 -0.736468
-0.299371 0.865504 -0.401597
0.416447 -0.850282 -0.321858
0.57428 0.639366 0.511287
0.622519 0.560556 0.546121
0.57428 0.639366 0.511287
0.57428 0.639366 0.511287
0.627554 0.549949 0.551119
0.560399 0.664323 0.494598
0.627554 0.549949 0.551119
0.627554 0.549949 0.551119
-0.299371 0.865504 -0.401597
0.416476 -0.85027 -0.321853
-0.954629 -0.109944 0.27676
-0.954629 -0.109944 0.27676
-0.852234 -0.329083 0.406696
-0.89809 -0.2486 0.36281
-0.852234 -0.329083 0.406696
-0.852234 -0.329083 0.406696
-0.863199 -0.35556 0.358418
-0.870757 -0.306008 0.384892
-0.299371 0.865504 -0.401597
0.416461 -0.850286 -0.321829
-0.153733 -0.593919 -0.7897
0.740148 -0.201932 -0.641409
-0.153733 -0.593919 -0.7897
-0.153733 -0.593919 -0.7897
-0.187588 -0.448053 -0.874105
0.663077 0.00452207 -0.748538
-0.187588 -0.448053 -0.874105
-0.187588 -0.448053 -0.874105
-0.384147 0.614046 0.689477
0.849271 0.0250194 0.527364
0.854143 0.0186128 0.519705
0.849271 0.0250194 0.527364
0.849271 0.0250194 0.527364
0.886699 -0.0338293 0.461107
0.859446 0.00968082 0.511135
0.886699 -0.0338293 0.461107
-0.384147 0.614046 0.689477
-0.701552 -0.679375 0.215116
-0.701552 -0.679375 0.215116
-0.691618 -0.694355 0.198838
-0.693449 -0.691559 0.202175
-0.691618 -0.694355 0.198838
-0.691618 -0.694355 0.198838
-0.67623 -0.716696 0.170469
-0.384147 0.614046 0.689477
-0.58025 0.37017 -0.725454
0.317116 0.773767 -0.548381
-0.58025 0.37017 -0.725454
-0.58025 0.37017 -0.725454
-0.447729 0.507101 -0.73647
0.303248 0.795954 -0.523925
-0.447729 0.507101 -0.73647
670
0 0 1 2 0 1 2 1
0 3 4 5 3 4 5 1
0 6 7 8 6 7 8 1
0 6 8 9 6 8 9 1
0 7 10 8 7 10 8 1
0 10 11 8 10 11 8 1
0 10 12 13 10 12 13 1
0 10 13 11 10 13 11 1
0 12 14 13 12 14 13 1
0 14 15 13 14 15 13 1
0 1 16 2 1 16 2 1
0 5 4 17 5 4 17 1
0 9 8 18 9 8 18 1
0 8 19 18 8 19 18 1
0 8 11 20 8 11 20 1
0 8 20 19 8 20 19 1
0 11 13 20 11 13 20 1
0 13 21 20 13 21 20 1
0 13 15 22 13 15 22 1
0 13 22 21 13 22 21 1
0 16 0 2 16 0 2 1
0 17 4 3 17 4 3 1
0 18 19 7 18 19 7 1
0 18 7 6 18 7 6 1
0 19 20 7 19 20 7 1
0 20 10 7 20 10 7 1
0 20 21 12 20 21 12 1
0 20 12 10 20 12 10 1
0 21 22 12 21 22 12 1
0 22 14 12 22 14 12 1
0 23 24 25 23 24 25 1
0 26 27 28 26 27 28 1
0 26 28 29 26 28 29 1
0 27 30 28 27 30 28 1
0 30 31 28 30 31 28 1
0 30 32 33 30 32 33 1
0 30 33 31 30 33 31 1
0 32 34 33 32 34 33 1
0 24 35 25 24 35 25 1
0 29 28 36 29 28 36 1
0 28 37 36 28 37 36 1
0 28 31 38 28 31 38 1
0 28 38 37 28 38 37 1
0 31 33 38 31 33 38 1
0 33 39 38 33 39 38 1
0 33 40 39 33 40 39 1
0 35 23 25 35 23 25 1
0 36 37 27 36 37 27 1
0 36 27 26 36 27 26 1
0 37 38 27 37 38 27 1
0 38 30 27 38 30 27 1
0 38 39 32 38 39 32 1
0 38 32 30 38 32 30 1
0 39 40 32 39 40 32 1
0 41 42 43 41 42 43 1
0 44 45 46 44 45 46 1
0 41 47 48 41 47 48 1
0 49 50 51 49 50 51 1
0 47 52 48 47 52 48 1
0 52 53 48 52 53 48 1
0 52 54 55 52 54 55 1
0 52 55 53 52 55 53 1
0 54 44 55 54 44 55 1
0 44 46 55 44 46 55 1
0 42 56 43 42 56 43 1
0 46 45 57 46 45 57 1
0 58 59 60 58 59 60 1
0 59 61 60 59 61 60 1
0 59 62 63 59 62 63 1
0 59 63 61 59 63 61 1
0 62 64 63 62 64 63 1
0 64 65 63 64 65 63 1
0 64 66 67 64 66 67 1
0 64 67 65 64 67 65 1
0 56 68 43 56 68 43 1
0 57 45 69 57 45 69 1
0 70 71 72 70 71 72 1
0 70 72 73 70 72 73 1
0 71 74 72 71 74 72 1
0 74 75 72 74 75 72 1
0 74 76 77 74 76 77 1
0 74 77 75 74 77 75 1
0 76 78 77 76 78 77 1
0 78 79 77 78 79 77 1
0 68 80 43 68 80 43 1
0 69 45 81 69 45 81 1
0 73 72 82 73 72 82 1
0 72 83 82 72 83 82 1
0 72 75 84 72 75 84 1
0 72 84 83 72 84 83 1
0 75 77 84 75 77 84 1
0 77 85 84 77 85 84 1
0 77 79 86 77 79 86 1
0 77 86 85 77 86 85 1
0 80 87 43 80 87 43 1
0 81 45 88 81 45 88 1
0 89 90 91 89 90 91 1
0 89 91 92 89 91 92 1
0 90 93 91 90 93 91 1
0 93 94 91 93 94 91 1
0 93 95 96 93 95 96 1
0 93 96 94 93 96 94 1
0 95 97 96 95 97 96 1
0 97 98 96 97 98 96 1
0 87 41 43 87 41 43 1
0 88 45 44 88 45 44 1
0 87 99 41 87 99 41 1
0 99 47 41 99 47 41 1
0 99 100 52 99 100 52 1
0 99 52 47 99 52 47 1
0 100 101 52 100 101 52 1
0 101 54 52 101 54 52 1
0 101 88 44 101 88 44 1
0 101 44 54 101 44 54 1
0 102 103 104 102 103 104 1
0 105 104 106 105 104 106 1
0 107 106 103 107 106 103 1
0 104 103 106 104 103 106 1
0 102 104 108 102 104 108 1
0 109 108 110 109 108 110 1
0 105 110 104 105 110 104 1
0 108 104 110 108 104 110 1
0 109 110 111 109 110 111 1
0 112 111 113 112 111 113 1
0 105 113 110 105 113 110 1
0 111 110 113 111 110 113 1
0 105 114 113 105 114 113 1
0 112 113 115 112 113 115 1
0 116 115 114 116 115 114 1
0 113 114 115 113 114 115 1
0 105 106 114 105 106 114 1
0 116 114 117 116 114 117 1
0 107 117 106 107 117 106 1
0 114 106 117 114 106 117 1
0 116 117 118 116 117 118 1
0 119 118 120 119 118 120 1
0 107 120 117 107 120 117 1
0 118 117 120 118 117 120 1
0 116 118 121 116 118 121 1
0 122 121 123 122 121 123 1
0 119 123 118 119 123 118 1
0 121 118 123 121 118 123 1
0 112 115 124 112 115 124 1
0 122 124 121 122 124 121 1
0 116 121 115 116 121 115 1
0 124 115 121 124 115 121 1
0 112 124 125 112 124 125 1
0 126 125 127 126 125 127 1
0 122 127 124 122 127 124 1
0 125 124 127 125 124 127 1
0 126 127 128 126 127 128 1
0 129 130 131 129 130 131 1
0 122 132 127 122 132 127 1
0 130 133 131 130 133 131 1
0 129 131 134 129 131 134 1
0 135 134 136 135 134 136 1
0 137 136 131 137 136 131 1
0 134 131 136 134 131 136 1
0 129 134 138 129 134 138 1
0 139 138 140 139 138 140 1
0 135 140 134 135 140 134 1
0 138 134 140 138 134 140 1
0 129 138 141 129 138 141 1
0 142 141 143 142 141 143 1
0 139 143 138 139 143 138 1
0 141 138 143 141 138 143 1
0 142 143 144 142 143 144 1
0 145 144 146 145 144 146 1
0 139 146 143 139 146 143 1
0 144 143 146 144 143 146 1
0 102 147 103 102 147 103 1
0 107 103 148 107 103 148 1
0 139 149 146 139 149 146 1
0 150 146 149 150 146 149 1
0 139 140 149 139 140 149 1
0 151 149 152 151 149 152 1
0 135 152 140 135 152 140 1
0 149 140 152 149 140 152 1
0 109 153 108 109 153 108 1
0 102 108 154 102 108 154 1
0 142 144 155 142 144 155 1
0 108 153 154 108 153 154 1
0 109 156 153 109 156 153 1
0 142 155 157 142 155 157 1
0 126 158 156 126 158 156 1
0 153 156 158 153 156 158 1
0 109 111 156 109 111 156 1
0 126 156 125 126 156 125 1
0 112 125 111 112 125 111 1
0 156 111 125 156 111 125 1
0 129 141 130 129 141 130 1
0 159 130 157 159 130 157 1
0 142 157 141 142 157 141 1
0 130 141 157 130 141 157 1
0 160 161 162 160 161 162 1
0 163 162 164 163 162 164 1
0 165 164 161 165 164 161 1
0 162 161 164 162 161 164 1
0 160 162 166 160 162 166 1
0 167 166 168 167 166 168 1
0 163 168 162 163 168 162 1
0 166 162 168 166 162 168 1
0 167 168 169 167 168 169 1
0 170 169 171 170 169 171 1
0 163 171 168 163 171 168 1
0 169 168 171 169 168 171 1
0 163 172 171 163 172 171 1
0 170 171 173 170 171 173 1
0 174 173 172 174 173 172 1
0 171 172 173 171 172 173 1
0 163 164 172 163 164 172 1
0 174 172 175 174 172 175 1
0 165 175 164 165 175 164 1
0 172 164 175 172 164 175 1
0 174 175 176 174 175 176 1
0 177 176 178 177 176 178 1
0 165 178 175 165 178 175 1
0 176 175 178 176 175 178 1
0 174 176 179 174 176 179 1
0 180 179 181 180 179 181 1
0 177 181 176 177 181 176 1
0 179 176 181 179 176 181 1
0 170 173 182 170 173 182 1
0 180 182 179 180 182 179 1
0 174 179 173 174 179 173 1
0 182 173 179 182 173 179 1
0 170 182 183 170 182 183 1
0 184 183 185 184 183 185 1
0 180 185 182 180 185 182 1
0 183 182 185 183 182 185 1
0 184 185 186 184 185 186 1
0 187 186 188 187 186 188 1
0 180 188 185 180 188 185 1
0 186 185 188 186 185 188 1
0 187 188 189 187 188 189 1
0 177 189 181 177 189 181 1
0 180 181 188 180 181 188 1
0 189 188 181 189 188 181 1
0 187 189 190 187 189 190 1
0 191 190 192 191 190 192 1
0 177 192 189 177 192 189 1
0 190 189 192 190 189 192 1
0 187 190 193 187 190 193 1
0 194 193 195 194 193 195 1
0 191 195 190 191 195 190 1
0 193 190 195 193 190 195 1
0 194 195 196 194 195 196 1
0 160 196 197 160 196 197 1
0 191 197 195 191 197 195 1
0 196 195 197 196 195 197 1
0 160 197 161 160 197 161 1
0 165 161 198 165 161 198 1
0 191 198 197 191 198 197 1
0 161 197 198 161 197 198 1
0 191 192 198 191 192 198 1
0 165 198 178 165 198 178 1
0 177 178 192 177 178 192 1
0 198 192 178 198 192 178 1
0 167 199 166 167 199 166 1
0 160 166 196 160 166 196 1
0 194 196 199 194 196 199 1
0 166 199 196 166 199 196 1
0 167 200 199 167 200 199 1
0 194 199 201 194 199 201 1
0 184 201 200 184 201 200 1
0 199 200 201 199 200 201 1
0 167 169 200 167 169 200 1
0 184 200 183 184 200 183 1
0 170 183 169 170 183 169 1
0 200 169 183 200 169 183 1
0 187 193 186 187 193 186 1
0 184 186 201 184 186 201 1
0 194 201 193 194 201 193 1
0 186 193 201 186 193 201 1
0 202 203 204 202 203 204 1
0 202 204 205 202 204 205 1
0 203 206 204 203 206 204 1
0 205 204 207 205 204 207 1
0 204 208 207 204 208 207 1
0 204 209 208 204 209 208 1
0 207 208 203 207 208 203 1
0 207 203 202 207 203 202 1
0 208 209 203 208 209 203 1
0 210 211 212 210 211 212 1
0 213 210 212 213 210 212 1
0 210 214 211 210 214 211 1
0 215 210 213 215 210 213 1
0 215 216 210 215 216 210 1
0 216 217 210 216 217 210 1
0 211 216 215 211 216 215 1
0 212 211 215 212 211 215 1
0 211 217 216 211 217 216 1
0 218 219 220 218 219 220 1
0 221 222 223 221 222 223 1
0 224 225 226 224 225 226 1
0 224 226 227 224 226 227 1
0 225 228 226 225 228 226 1
0 228 229 226 228 229 226 1
0 228 230 231 228 230 231 1
0 228 231 229 228 231 229 1
0 230 232 231 230 232 231 1
0 232 233 231 232 233 231 1
0 219 234 220 219 234 220 1
0 223 222 235 223 222 235 1
0 227 226 236 227 226 236 1
0 226 237 236 226 237 236 1
0 226 229 238 226 229 238 1
0 226 238 237 226 238 237 1
0 229 231 238 229 231 238 1
0 231 239 238 231 239 238 1
0 231 233 240 231 233 240 1
0 231 240 239 231 240 239 1
0 234 218 220 234 218 220 1
0 235 222 221 235 222 221 1
0 236 237 225 236 237 225 1
0 236 225 224 236 225 224 1
0 237 238 225 237 238 225 1
0 238 228 225 238 228 225 1
0 238 239 230 238 239 230 1
0 238 230 228 238 230 228 1
0 239 240 230 239 240 230 1
0 240 232 230 240 232 230 1
0 241 242 243 241 242 243 1
0 244 245 246 244 245 246 1
0 244 246 247 244 246 247 1
0 245 248 246 245 248 246 1
0 248 249 246 248 249 246 1
0 248 250 251 248 250 251 1
0 248 251 249 248 251 249 1
0 250 252 251 250 252 251 1
0 242 253 243 242 253 243 1
0 247 246 254 247 246 254 1
0 246 255 254 246 255 254 1
0 246 249 256 246 249 256 1
0 246 256 255 246 256 255 1
0 249 251 256 249 251 256 1
0 251 257 256 251 257 256 1
0 251 258 257 251 258 257 1
0 253 241 243 253 241 243 1
0 254 255 245 254 255 245 1
0 254 245 244 254 245 244 1
0 255 256 245 255 256 245 1
0 256 248 245 256 248 245 1
0 256 257 250 256 257 250 1
0 256 250 248 256 250 248 1
0 257 258 250 257 258 250 1
0 259 260 261 259 260 261 1
0 262 263 264 262 263 264 1
0 265 266 267 265 266 267 1
0 265 267 268 265 267 268 1
0 266 269 267 266 269 267 1
0 269 270 267 269 270 267 1
0 269 271 272 269 271 272 1
0 269 272 270 269 272 270 1
0 271 273 272 271 273 272 1
0 273 274 272 273 274 272 1
0 260 275 261 260 275 261 1
0 264 263 276 264 263 276 1
0 268 267 277 268 267 277 1
0 267 278 277 267 278 277 1
0 267 270 279 267 270 279 1
0 267 279 278 267 279 278 1
0 270 272 279 270 272 279 1
0 272 280 279 272 280 279 1
0 272 274 281 272 274 281 1
0 272 281 280 272 281 280 1
0 275 259 261 275 259 261 1
0 276 263 262 276 263 262 1
0 277 278 266 277 278 266 1
0 277 266 265 277 266 265 1
0 278 279 266 278 279 266 1
0 279 269 266 279 269 266 1
0 279 280 271 279 280 271 1
0 279 271 269 279 271 269 1
0 280 281 271 280 281 271 1
0 281 273 271 281 273 271 1
0 282 283 284 282 283 284 1
0 285 286 287 285 286 287 1
0 285 287 288 285 287 288 1
0 286 289 287 286 289 287 1
0 289 290 287 289 290 287 1
0 289 291 292 289 291 292 1
0 289 292 290 289 292 290 1
0 291 293 292 291 293 292 1
0 283 294 284 283 294 284 1
0 288 287 295 288 287 295 1
0 287 296 295 287 296 295 1
0 287 290 297 287 290 297 1
0 287 297 296 287 297 296 1
0 290 292 297 290 292 297 1
0 292 298 297 292 298 297 1
0 292 299 298 292 299 298 1
0 294 282 284 294 282 284 1
0 295 296 286 295 296 286 1
0 295 286 285 295 286 285 1
0 296 297 286 296 297 286 1
0 297 289 286 297 289 286 1
0 297 298 291 297 298 291 1
0 297 291 289 297 291 289 1
0 298 299 291 298 299 291 1
0 300 301 302 300 301 302 1
0 303 304 305 303 304 305 1
0 306 307 308 306 307 308 1
0 306 308 309 306 308 309 1
0 307 310 308 307 310 308 1
0 310 311 308 310 311 308 1
0 310 312 313 310 312 313 1
0 310 313 311 310 313 311 1
0 312 314 313 312 314 313 1
0 314 315 313 314 315 313 1
0 301 316 302 301 316 302 1
0 305 304 317 305 304 317 1
0 309 308 318 309 308 318 1
0 308 319 318 308 319 318 1
0 308 311 320 308 311 320 1
0 308 320 319 308 320 319 1
0 311 313 320 311 313 320 1
0 313 321 320 313 321 320 1
0 313 315 322 313 315 322 1
0 313 322 321 313 322 321 1
0 316 300 302 316 300 302 1
0 317 304 303 317 304 303 1
0 318 319 307 318 319 307 1
0 318 307 306 318 307 306 1
0 319 320 307 319 320 307 1
0 320 310 307 320 310 307 1
0 320 321 312 320 321 312 1
0 320 312 310 320 312 310 1
0 321 322 312 321 322 312 1
0 322 314 312 322 314 312 1
0 323 324 325 323 324 325 1
0 326 327 328 326 327 328 1
0 326 328 329 326 328 329 1
0 327 330 328 327 330 328 1
0 330 331 328 330 331 328 1
0 330 332 333 330 332 333 1
0 330 333 331 330 333 331 1
0 332 334 333 332 334 333 1
0 324 335 325 324 335 325 1
0 329 328 336 329 328 336 1
0 328 337 336 328 337 336 1
0 328 331 338 328 331 338 1
0 328 338 337 328 338 337 1
0 331 333 338 331 333 338 1
0 333 339 338 333 339 338 1
0 333 340 339 333 340 339 1
0 335 323 325 335 323 325 1
0 336 337 327 336 337 327 1
0 336 327 326 336 327 326 1
0 337 338 327 337 338 327 1
0 338 330 327 338 330 327 1
0 338 339 332 338 339 332 1
0 338 332 330 338 332 330 1
0 339 340 332 339 340 332 1
0 341 342 343 341 342 343 1
0 344 345 346 344 345 346 1
0 347 348 349 347 348 349 1
0 350 347 349 350 347 349 1
0 347 351 348 347 351 348 1
0 347 352 351 347 352 351 1
0 353 354 351 353 354 351 1
0 352 353 351 352 353 351 1
0 353 355 354 353 355 354 1
0 353 356 355 353 356 355 1
0 341 357 342 341 357 342 1
0 358 345 344 358 345 344 1
0 359 347 350 359 347 350 1
0 359 360 347 359 360 347 1
0 361 352 347 361 352 347 1
0 360 361 347 360 361 347 1
0 361 353 352 361 353 352 1
0 361 362 353 361 362 353 1
0 363 356 353 363 356 353 1
0 362 363 353 362 363 353 1
0 341 343 357 341 343 357 1
0 346 345 358 346 345 358 1
0 348 360 359 348 360 359 1
0 349 348 359 349 348 359 1
0 348 361 360 348 361 360 1
0 348 351 361 348 351 361 1
0 354 362 361 354 362 361 1
0 351 354 361 351 354 361 1
0 354 363 362 354 363 362 1
0 354 355 363 354 355 363 1
0 364 365 366 364 365 366 1
0 367 368 369 367 368 369 1
0 370 367 369 370 367 369 1
0 367 371 368 367 371 368 1
0 367 372 371 367 372 371 1
0 373 374 371 373 374 371 1
0 372 373 371 372 373 371 1
0 373 375 374 373 375 374 1
0 364 376 365 364 376 365 1
0 377 367 370 377 367 370 1
0 377 378 367 377 378 367 1
0 379 372 367 379 372 367 1
0 378 379 367 378 379 367 1
0 379 373 372 379 373 372 1
0 379 380 373 379 380 373 1
0 380 381 373 380 381 373 1
0 364 366 376 364 366 376 1
0 368 378 377 368 378 377 1
0 369 368 377 369 368 377 1
0 368 379 378 368 379 378 1
0 368 371 379 368 371 379 1
0 374 380 379 374 380 379 1
0 371 374 379 371 374 379 1
0 374 381 380 374 381 380 1
0 382 383 384 382 383 384 1
0 385 386 387 385 386 387 1
0 388 389 390 388 389 390 1
0 391 388 390 391 388 390 1
0 388 392 389 388 392 389 1
0 388 393 392 388 393 392 1
0 394 395 392 394 395 392 1
0 393 394 392 393 394 392 1
0 394 396 395 394 396 395 1
0 394 397 396 394 397 396 1
0 382 398 383 382 398 383 1
0 399 386 385 399 386 385 1
0 400 388 391 400 388 391 1
0 400 401 388 400 401 388 1
0 402 393 388 402 393 388 1
0 401 402 388 401 402 388 1
0 402 394 393 402 394 393 1
0 402 403 394 402 403 394 1
0 404 397 394 404 397 394 1
0 403 404 394 403 404 394 1
0 382 384 398 382 384 398 1
0 387 386 399 387 386 399 1
0 389 401 400 389 401 400 1
0 390 389 400 390 389 400 1
0 389 402 401 389 402 401 1
0 389 392 402 389 392 402 1
0 395 403 402 395 403 402 1
0 392 395 402 392 395 402 1
0 395 404 403 395 404 403 1
0 395 396 404 395 396 404 1
0 405 406 407 405 406 407 1
0 408 409 410 408 409 410 1
0 411 408 410 411 408 410 1
0 408 412 409 408 412 409 1
0 408 413 412 408 413 412 1
0 414 415 412 414 415 412 1
0 413 414 412 413 414 412 1
0 414 416 415 414 416 415 1
0 405 417 406 405 417 406 1
0 418 408 411 418 408 411 1
0 418 419 408 418 419 408 1
0 420 413 408 420 413 408 1
0 419 420 408 419 420 408 1
0 420 414 413 420 414 413 1
0 420 421 414 420 421 414 1
0 421 422 414 421 422 414 1
0 405 407 417 405 407 417 1
0 409 419 418 409 419 418 1
0 410 409 418 410 409 418 1
0 409 420 419 409 420 419 1
0 409 412 420 409 412 420 1
0 415 421 420 415 421 420 1
0 412 415 420 412 415 420 1
0 415 422 421 415 422 421 1
0 423 424 425 423 424 425 1
0 426 427 428 426 427 428 1
0 429 430 431 429 430 431 1
0 432 429 431 432 429 431 1
0 429 433 430 429 433 430 1
0 429 434 433 429 434 433 1
0 435 436 433 435 436 433 1
0 434 435 433 434 435 433 1
0 435 437 436 435 437 436 1
0 435 438 437 435 438 437 1
0 423 439 424 423 439 424 1
0 440 427 426 440 427 426 1
0 441 429 432 441 429 432 1
0 441 442 429 441 442 429 1
0 443 434 429 443 434 429 1
0 442 443 429 442 443 429 1
0 443 435 434 443 435 434 1
0 443 444 435 443 444 435 1
0 445 438 435 445 438 435 1
0 444 445 435 444 445 435 1
0 423 425 439 423 425 439 1
0 428 427 440 428 427 440 1
0 430 442 441 430 442 441 1
0 431 430 441 431 430 441 1
0 430 443 442 430 443 442 1
0 430 433 443 430 433 443 1
0 436 444 443 436 444 443 1
0 433 436 443 433 436 443 1
0 436 445 444 436 445 444 1
0 436 437 445 436 437 445 1
0 446 447 448 446 447 448 1
0 449 450 451 449 450 451 1
0 452 449 451 452 449 451 1
0 449 453 450 449 453 450 1
0 449 454 453 449 454 453 1
0 455 456 453 455 456 453 1
0 454 455 453 454 455 453 1
0 455 457 456 455 457 456 1
0 446 458 447 446 458 447 1
0 459 449 452 459 449 452 1
0 459 460 449 459 460 449 1
0 461 454 449 461 454 449 1
0 460 461 449 460 461 449 1
0 461 455 454 461 455 454 1
0 461 462 455 461 462 455 1
0 462 463 455 462 463 455 1
0 446 448 458 446 448 458 1
0 450 460 459 450 460 459 1
0 451 450 459 451 450 459 1
0 450 461 460 450 461 460 1
0 450 453 461 450 453 461 1
0 456 462 461 456 462 461 1
0 453 456 461 453 456 461 1
0 456 463 462 456 463 462 1
0 464 465 466 464 465 466 1
0 467 468 469 467 468 469 1
0 470 471 472 470 471 472 1
0 473 470 472 473 470 472 1
0 470 474 471 470 474 471 1
0 470 475 474 470 475 474 1
0 476 477 474 476 477 474 1
0 475 476 474 475 476 474 1
0 476 478 477 476 478 477 1
0 476 479 478 476 479 478 1
0 464 480 465 464 480 465 1
0 481 468 467 481 468 467 1
0 482 470 473 482 470 473 1
0 482 483 470 482 483 470 1
0 484 475 470 484 475 470 1
0 483 484 470 483 484 470 1
0 484 476 475 484 476 475 1
0 484 485 476 484 485 476 1
0 486 479 476 486 479 476 1
0 485 486 476 485 486 476 1
0 464 466 480 464 466 480 1
0 469 468 481 469 468 481 1
0 471 483 482 471 483 482 1
0 472 471 482 472 471 482 1
0 471 484 483 471 484 483 1
0 471 474 484 471 474 484 1
0 477 485 484 477 485 484 1
0 474 477 484 474 477 484 1
0 477 486 485 477 486 485 1
0 477 478 486 477 478 486 1
0 487 488 489 487 488 489 1
0 490 491 492 490 491 492 1
0 493 490 492 493 490 492 1
0 490 494 491 490 494 491 1
0 490 495 494 490 495 494 1
0 496 497 494 496 497 494 1
0 495 496 494 495 496 494 1
0 496 498 497 496 498 497 1
0 487 499 488 487 499 488 1
0 500 490 493 500 490 493 1
0 500 501 490 500 501 490 1
0 502 495 490 502 495 490 1
0 501 502 490 501 502 490 1
0 502 496 495 502 496 495 1
0 502 503 496 502 503 496 1
0 503 504 496 503 504 496 1
0 487 489 499 487 489 499 1
0 491 501 500 491 501 500 1
0 492 491 500 492 491 500 1
0 491 502 501 491 502 501 1
0 491 494 502 491 494 502 1
0 497 503 502 497 503 502 1
0 494 497 502 494 497 502 1
0 497 504 503 497 504 503 1

Materials: 1
"Material01"
51.0 51.0 51.0 1.0 
204.0 204.0 204.0 1.0
0.0 0.0 0.0 1.0
0.0 0.0 0.0 0.0
0.0 
1.0 
"spiderte.bmp"
""

Bones: 0
GroupComments: 0
MaterialComments: 0
BoneComments: 0
ModelComment: 0
//copyend

